6 5
1 3
1 2
1 5
2 3
2 4
4 5
5 3
CUT VERTICES:

8 8
1 8
1 2
1 7
2 3
2 6
3 4
3 5
3 8
8 7
CUT VERTICES: 2 3

22 12
1 12
1 2
1 3
2 3
3 4
4 5
3 6
4 6
3 5
5 6
5 7
6 7
4 7
3 7
7 8
7 9
7 10
9 8
9 10
8 10
10 11
11 12
10 12
CUT VERTICES: 3 7 10

22 15
2 13
1 2
2 3
3 4
3 5
3 7
4 6
4 5
5 6
5 7
6 7
7 8
7 9
8 10
8 9
9 10
10 11
10 12
11 12
12 13
13 14
13 15
14 15
CUT VERTICES: 3 7 10 12

35 20
1 20
1 2
2 3
2 4
3 5
4 5
4 6
5 7
6 7
6 8
7 9
8 9
8 10
9 11
10 11
11 12
11 13
12 14
13 14
13 15
14 16
15 16
15 17
16 18
17 18
17 19
18 20
19 20
3 8
5 10
7 12
9 14
11 16
13 18
15 20
2 7
CUT VERTICES: 2